The Nuclear repulsion Energy:8.00236706181045
Kinetic Energy Matrix (T):

   29.003200   -0.168011    0.000000    0.000000   -0.000000   -0.008416   -0.008416
   -0.168011    0.808128    0.000000   -0.000000    0.000000    0.070517    0.070517
    0.000000    0.000000    2.528731   -0.000000    0.000000    0.147091   -0.147091
    0.000000   -0.000000   -0.000000    2.528731   -0.000000    0.114920    0.114920
   -0.000000    0.000000    0.000000   -0.000000    2.528731   -0.000000   -0.000000
   -0.008416    0.070517    0.147091    0.114920   -0.000000    0.760032   -0.003980
   -0.008416    0.070517   -0.147091    0.114920   -0.000000   -0.003980    0.760032

Nuclear Attraction Matrix (V):

  -61.580595   -7.410822    0.000000   -0.014474    0.000000   -1.231686   -1.231686
   -7.410822  -10.009071    0.000000   -0.176890    0.000000   -2.977227   -2.977227
    0.000000    0.000000   -9.987551    0.000000   -0.000000   -1.822241    1.822241
   -0.014474   -0.176890    0.000000   -9.944043    0.000000   -1.471788   -1.471788
    0.000000    0.000000   -0.000000    0.000000   -9.875876    0.000000    0.000000
   -1.231686   -2.977227   -1.822241   -1.471788    0.000000   -5.300203   -1.067166
   -1.231686   -2.977227    1.822241   -1.471788    0.000000   -1.067166   -5.300203
overlap Matrix:

    1.000000    0.236704   -0.000000   -0.000000   -0.000000    0.038406    0.038406
    0.236704    1.000000    0.000000   -0.000000    0.000000    0.386139    0.386139
   -0.000000    0.000000    1.000000   -0.000000    0.000000    0.268438   -0.268438
   -0.000000   -0.000000   -0.000000    1.000000   -0.000000    0.209727    0.209727
   -0.000000    0.000000    0.000000   -0.000000    1.000000   -0.000000   -0.000000
    0.038406    0.386139    0.268438    0.209727   -0.000000    1.000000    0.181760
    0.038406    0.386139   -0.268438    0.209727   -0.000000    0.181760    1.000000

Core Hamiltonian (H_core = T + V):

  -32.577395   -7.578833    0.000000   -0.014474    0.000000   -1.240102   -1.240102
   -7.578833   -9.200943    0.000000   -0.176890    0.000000   -2.906710   -2.906710
    0.000000    0.000000   -7.458819    0.000000    0.000000   -1.675150    1.675150
   -0.014474   -0.176890    0.000000   -7.415312    0.000000   -1.356868   -1.356868
    0.000000    0.000000    0.000000    0.000000   -7.347145    0.000000    0.000000
   -1.240102   -2.906710   -1.675150   -1.356868    0.000000   -4.540171   -1.071146
   -1.240102   -2.906710    1.675150   -1.356868    0.000000   -1.071146   -4.540171

 The S^-1/2 is:

    1.023635   -0.136855    0.000000   -0.007487   -0.000000    0.019028    0.019028
   -0.136855    1.157863   -0.000000    0.072160    0.000000   -0.222333   -0.222333
    0.000000   -0.000000    1.073315   -0.000000    0.000000   -0.175758    0.175758
   -0.007487    0.072160   -0.000000    1.038305    0.000000   -0.118463   -0.118463
   -0.000000    0.000000    0.000000    0.000000    1.000000   -0.000000    0.000000
    0.019028   -0.222333   -0.175758   -0.118463   -0.000000    1.129723   -0.062598
    0.019028   -0.222333    0.175758   -0.118463    0.000000   -0.062598    1.129723

Transformed Fock matrix = 
  -32.254587   -2.791491    0.000000    0.008611    0.000000   -0.181297   -0.181297
   -2.791491   -8.236889    0.000000   -0.228293   -0.000000   -0.385799   -0.385799
    0.000000    0.000000   -7.542889    0.000000   -0.000000   -0.113212    0.113212
    0.008611   -0.228293    0.000000   -7.457029   -0.000000   -0.110220   -0.110220
    0.000000   -0.000000   -0.000000   -0.000000   -7.347145    0.000000    0.000000
   -0.181297   -0.385799   -0.113212   -0.110220    0.000000   -4.032955   -0.044647
   -0.181297   -0.385799    0.113212   -0.110220    0.000000   -0.044647   -4.032955
Coeffients = 
   -1.001544    0.233624    0.000000   -0.085684   -0.000000   -0.048223   -0.000000
    0.007189   -1.057939   -0.000000    0.360110    0.000000    0.463121    0.000000
    0.000000    0.000000   -1.061070   -0.000000   -0.000000   -0.000000    0.296507
    0.000267   -0.427284   -0.000000   -0.939942   -0.000000    0.212940    0.000000
    0.000000   -0.000000   -0.000000   -0.000000    1.000000   -0.000000    0.000000
   -0.001821    0.149253    0.137721    0.037858   -0.000000   -0.780700   -0.850140
   -0.001821    0.149253   -0.137721    0.037858    0.000000   -0.780700    0.850140
Density Matrix 
:
    1.065012   -0.285217    0.000000   -0.019553   -0.000000    0.033450    0.033450
   -0.285217    1.248966   -0.000000    0.113559    0.000000   -0.144281   -0.144281
    0.000000   -0.000000    1.125870   -0.000000    0.000000   -0.146132    0.146132
   -0.019553    0.113559   -0.000000    1.066064    0.000000   -0.099358   -0.099358
   -0.000000    0.000000    0.000000    0.000000    1.000000   -0.000000   -0.000000
    0.033450   -0.144281   -0.146132   -0.099358   -0.000000    0.042680    0.004746
    0.033450   -0.144281    0.146132   -0.099358   -0.000000    0.004746    0.042680
Electronic Energy: -125.84207743769883
Iter    E(elec)            E(tot)          Delta(E)        RMSD(E)
 0 -125.842077437699 -117.839710375888
 1 -78.286583284740  -70.284216222929  47.555494152959 1.826673084479
 2 -84.048316253435  -76.045949191625  -5.761732968696 0.479570364860
 3 -82.716965960855  -74.714598899044   1.331350292581 0.086831688906
 4 -82.987140757002  -74.984773695191  -0.270174796147 0.031026136359
 5 -82.938133187513  -74.935766125703   0.049007569488 0.010799283179
 6 -82.946271078699  -74.943904016889  -0.008137891186 0.005254826831
 7 -82.944486784914  -74.942119723104   0.001784293785 0.002438579642
 8 -82.944617252243  -74.942250190433  -0.000130467329 0.001177279531
 9 -82.944503500703  -74.942136438892   0.000113751541 0.000564543180
10 -82.944478930626  -74.942111868815   0.000024570077 0.000272204992
11 -82.944461627685  -74.942094565874   0.000017302941 0.000131180309
12 -82.944454198375  -74.942087136564   0.000007429310 0.000063275666
13 -82.944450445051  -74.942083383241   0.000003753324 0.000030522547
14 -82.944448661686  -74.942081599875   0.000001783365 0.000014725847
15 -82.944447795931  -74.942080734120   0.000000865755 0.000007104836
16 -82.944447379017  -74.942080317206   0.000000416914 0.000003428026
17 -82.944447177685  -74.942080115875   0.000000201331 0.000001654014
18 -82.944447080565  -74.942080018755   0.000000097120 0.000000798065
19 -82.944447033699  -74.942079971889   0.000000046867 0.000000385069
20 -82.944447011086  -74.942079949276   0.000000022613 0.000000185798
21 -82.944447000175  -74.942079938365   0.000000010911 0.000000089648
22 -82.944446994911  -74.942079933100   0.000000005265 0.000000043256
23 -82.944446992371  -74.942079930560   0.000000002540 0.000000020871
24 -82.944446991145  -74.942079929334   0.000000001226 0.000000010070
25 -82.944446990554  -74.942079928743   0.000000000591 0.000000004859
26 -82.944446990268  -74.942079928458   0.000000000285 0.000000002345
27 -82.944446990130  -74.942079928320   0.000000000138 0.000000001131
28 -82.944446990064  -74.942079928254   0.000000000066 0.000000000546
29 -82.944446990032  -74.942079928222   0.000000000032 0.000000000263
30 -82.944446990017  -74.942079928206   0.000000000015 0.000000000127
31 -82.944446990009  -74.942079928199   0.000000000008 0.000000000061
32 -82.944446990005  -74.942079928195   0.000000000004 0.000000000030
33 -82.944446990004  -74.942079928193   0.000000000002 0.000000000014
34 -82.944446990003  -74.942079928192   0.000000000001 0.000000000007


Electronic Energy converged at : E(elec) =  -82.94444699000292  Hartrees
